   8.9963752e+00   6.8606039e+00
   8.3634479e+00   6.0660630e+00
   1.3140045e+01   3.9179437e+00
   1.1679976e+01   5.4634554e+00
   1.1944027e+01   3.9142821e+00
   1.0480007e+01   7.2801326e+00
   1.3083802e+01   3.2863660e+00
   5.4808091e-01   1.3119889e+00
   1.4231137e+01   3.0724487e+00
   1.6391767e+01   1.8642176e+00
   1.2132410e+01   3.4109040e+00
   3.7261679e+00   8.3060136e-01
   1.4384304e+01   2.2266859e+00
   3.1125142e+00   5.3379170e+00
   1.2859211e+01   5.6472982e+00
   1.3851337e+01   2.6026490e+00
   1.1949498e+01   3.4073018e+00
   3.5174641e+00   2.9750808e+00
   1.0126532e+01   7.3212880e+00
   1.0009430e+01   4.3846253e+00
   1.2026490e+01   4.4613082e+00
   2.3105333e+00   3.0237266e+00
   1.4752221e+01   2.2041474e+00
   3.6240085e+00   1.5536903e+00
   1.2663287e+01   2.1645546e+00
   1.1543095e+01   1.9382042e+00
   1.3934000e+01   4.2685916e+00
   8.2739895e+00   7.6950621e+00
   8.6099864e+00   5.2888456e+00
   1.6219624e+00   7.9997480e-01
   3.6134596e+00   1.7875838e+00
   1.3880270e+01   3.7460537e+00
   2.8294191e+00   1.6450164e+00
   1.4307779e+01   1.3860984e+00
  -5.6728946e-01   2.4889301e+00
   6.4237961e+00   5.1321801e+00
   8.3101385e+00   7.2004675e+00
   1.3254583e+01   4.3044598e+00
   6.9539380e+00   5.0664688e+00
   1.2791437e+01   1.8551927e+00
   1.3381832e+01   5.3338717e+00
   1.3732309e+01   2.4177944e+00
  -1.7514643e+00   1.8383675e+00
   1.3534287e+01   3.9003201e+00
   2.9915704e+00   1.2361951e+00
   4.3530361e+00   1.2194440e+00
   8.1182774e+00   1.2012421e+00
   5.7147981e+00   5.6644035e+00
   6.8261989e+00   5.5280174e+00
   5.7023680e+00   5.7885615e+00
   7.0522840e+00   4.5954421e+00
   4.5326025e+00   4.0897434e+00
   1.6454829e+00   1.8454226e+00
   1.1151846e+01   5.7926846e+00
   1.1605342e+01   3.4068327e+00
   6.8270024e+00   5.3365380e+00
   2.5736813e+00   1.1974056e+00
   6.0057501e+00   5.4916430e+00
   5.1498066e+00   6.6022702e+00
   9.1032838e+00   4.1367156e+00
   3.1971246e+00   2.1439253e+00
   1.0982663e+01   6.1720117e+00
   2.7499337e+00   4.0087088e+00
   1.1441914e+01   5.6161796e+00
   8.0941725e+00   7.1052574e+00
   6.3260740e+00   9.1160527e-02
   6.0197822e+00   6.4208224e+00
   1.3007196e+01   4.0708958e+00
   6.9717836e+00   1.5919460e+00
  -8.5891129e-01   5.1435175e-01
   4.0895886e+00   2.9218444e-01
   6.6562317e+00   5.1474315e+00
   5.0125651e+00   6.9833296e+00
   2.8383347e+00   1.0002870e+00
   2.1057480e+00   4.9519421e+00
   1.0098812e+01   7.7430449e+00
  -1.8637896e+00   9.8916379e-01
   1.1437384e+01   3.4813851e+00
  -1.1129874e+00   1.9734497e+00
   1.4967059e+01   2.5307297e+00
   1.1616493e+01   1.2681974e+00
   1.3760884e+01   3.1652071e+00
   1.2380593e+01   4.6846648e+00
   1.2591865e+01   2.4496945e+00
   8.8927395e+00   7.7853870e+00
   1.0323053e+01   4.6992796e+00
  -3.0557841e+00   6.5368250e-01
   6.8368428e+00   5.8241171e+00
   1.3165804e+01   3.9969209e+00
   4.4136083e+00   3.9204080e+00
   1.2411741e+01   3.8868365e+00
   5.5185684e+00   5.8752372e+00
   4.9102227e+00   2.7784153e+00
   1.3955874e+01   3.6677929e+00
   1.1574198e+01   3.5716510e+00
   1.1383593e+01   3.5345008e+00
   1.1705366e+00   1.7280287e+00
   1.3966546e+01   3.7178649e+00
   9.7187443e+00   7.9876451e+00
   7.3133192e+00   6.9681817e+00
   4.9444196e+00   4.7536102e+00
   3.9337140e+00   6.0034165e+00
   1.7085716e+00   1.6296255e+00
   1.2698093e+01   1.2807881e+00
   4.0929080e+00   5.5529905e+00
   8.3453650e+00   6.4451568e+00
   4.9199831e+00   3.9229295e+00
   5.2712105e+00   5.2485993e+00
   1.3325404e+01   3.8869424e+00
   9.8944665e+00   6.9151862e+00
   9.3057449e+00   7.1661686e+00
   5.7243440e+00   5.3784726e+00
   1.3906071e+00   1.6948856e+00
   1.2374998e+01   2.7956945e+00
   7.4140973e+00   6.1643508e+00
   1.2030495e+00   5.0553060e+00
   1.2407070e+01   2.4947239e+00
   2.2503110e+00   3.9867258e+00
   1.0788774e+01   1.9682015e+00
   3.1867444e+00   4.3013729e+00
   3.3652348e+00   1.0687610e+00
   8.1895431e+00   6.8247816e+00
   1.2585174e+01   1.8293263e-01
   1.1685951e+01   4.3083993e+00
   9.8963796e+00   6.2430865e+00
   8.1261988e+00   8.6161626e+00
   1.2061478e+01   8.3568153e+00
   2.7014466e+00   1.0300617e+00
   1.1977729e+00   3.6737571e+00
   1.3374093e+01   2.4064161e+00
   1.2439403e+01   4.0345536e+00
   1.3895579e+00   1.7862965e+00
   1.3054717e+01   3.3929065e+00
   1.4759545e+01   1.4305456e+00
   1.1376542e+01   7.7973999e+00
   1.1013086e+01   8.3393308e+00
   2.0120103e+00   3.7592718e-01
   9.5418229e+00   5.7482816e+00
   1.2456589e+01   2.4175363e+00
  -4.7348264e+00   1.4057483e+00
   2.2505934e+00   4.2143053e+00
   7.3740075e-01   1.6242092e+00
   6.0098075e+00   5.3618170e+00
   6.2748486e+00   4.8530123e+00
  -1.5584756e+00   2.0278627e+00
   9.5451987e+00   8.0582254e+00
   4.0112741e+00   3.1387606e+00
   8.9552863e+00   8.1346745e+00
   5.6853727e+00   5.7130805e+00
   7.2562431e+00   6.0204644e+00
   9.3612301e-01   1.9625418e+00
   1.3778217e+01   4.9899807e+00
   2.5853006e+00   1.3331292e+00
   3.9557485e+00   4.7616745e+00
   5.9442555e+00   5.2633693e+00
   2.0279585e+00   2.7958869e+00
   6.9849090e+00   4.4537682e+00
   7.2283998e+00   5.4804331e+00
   1.2594589e+01   2.8702296e+00
   4.7742587e+00   5.7771816e-01
   7.3363732e+00   6.7981782e+00
   1.1083375e+01   5.5388722e+00
   1.1657127e+01   2.4593199e+00
   5.4844279e+00   6.3348043e+00
   1.3298818e+01   4.1076215e+00
   1.3080951e+01   4.5842850e+00
   1.1205711e+01   4.9213869e+00
   1.2689209e+01   4.1852685e+00
   2.1063722e-01   2.0664660e+00
   7.2703573e+00   7.1745554e+00
   7.6836566e+00   6.9744716e+00
   2.3253686e+00   1.3303713e+00
   1.3370606e+01   2.8503700e+00
   9.6116957e+00   8.3758480e+00
   1.4195389e+01   2.4613811e+00
   2.5711492e+00  -5.2707271e-02
   1.4315953e+01   9.7336001e-02
   8.6274199e+00   6.4596921e+00
   2.4684761e+00   4.4180712e+00
   8.7963600e+00   5.2960536e+00
   1.1498662e+01   3.8248165e+00
   1.4880209e+01   2.5353526e+00
   1.1370045e+01   4.8242495e+00
   1.1544544e+01   3.8979800e+00
   1.4360173e+01   3.8445801e+00
   1.1362583e+01   1.4930313e+00
   4.1269630e+00   3.5713718e+00
   8.2219388e+00   8.5657095e+00
   7.2559362e+00   8.5356629e+00
   2.8003856e+00   1.2334011e+00
   1.3157970e+01   4.4782007e+00
   1.4071856e+01   4.1588830e-01
  -2.1843717e+00  -1.1564569e-02
   1.4476264e+01   2.0940303e+00
   5.3026925e+00   3.3246589e+00
   1.1837301e+01   3.0310554e+00
   1.3088004e+01   4.2131212e+00
   1.1344933e+01   7.3600624e+00
  -1.7155357e+00   2.3557726e+00
   6.2244780e+00   5.3562519e+00
   4.9963480e+00   5.1371398e+00
   1.2467364e+01   4.2445048e+00
   4.7610258e+00   2.3959982e+00
   1.3525525e+01   5.0183207e-01
   8.7009878e+00   4.9454350e+00
   8.6443196e-01   2.6975469e+00
   1.0836222e+01   7.1221062e+00
   1.3225993e+01   3.7176951e+00
  -2.6786813e+00   1.9883511e+00
   1.8376091e+00   3.6402989e+00
   4.5823462e+00   3.9270842e+00
   7.9493114e+00   5.6053309e+00
   1.2310700e+01   9.1880057e-01
   9.3012606e+00   5.0880005e+00
   1.2588933e+01   2.1977134e+00
   1.2237036e+01   4.5446674e+00
   1.3618556e+01   2.6839736e+00
  -4.1532580e-01   1.5218135e+00
  -1.3328347e+00   1.6495044e+00
  -4.3884727e-01   1.8012602e+00
   7.3353731e+00   8.4090114e+00
   1.2038999e+01   3.5399355e+00
   1.5557920e+01   2.5595262e+00
   8.9390276e+00   7.2587620e+00
   1.2924087e+01   2.7711250e+00
   5.3062114e+00   5.9208197e+00
   1.0766498e+01   8.1099186e+00
   1.4883030e+01   3.1219419e+00
   1.1712220e+01   5.2759717e+00
   6.0055274e+00   5.6552689e+00
   1.3167690e+01   1.5241228e+00
   4.7196941e+00   4.8906386e+00
   3.1250492e+00   1.1552076e+00
   1.6191472e-01   2.7704408e+00
   8.3747463e+00   6.6735670e+00
   2.1267156e+00   5.7465619e-01
   1.3779625e+01   2.4668673e+00
   3.5601380e-01   1.0018669e+00
   1.4762445e+01   3.0479716e+00
   1.6741114e+00   3.3144304e+00
   1.1499344e+01   3.7440037e+00
   1.5298756e+01   2.0659534e+00
   1.3805856e+01   3.4653390e+00
   1.2302733e+01   3.5887055e+00
   1.4676589e+01  -9.8754336e-01
   6.3850037e+00   2.1519262e+00
   1.3739048e+01   4.0796918e+00
   8.1625778e+00   4.6765032e+00
   7.2719991e+00   7.2806069e+00
   3.7247964e+00   2.4558072e+00
   7.8814164e+00   6.3761439e+00
   5.5907211e+00   4.8519929e+00
   5.3487779e-01   5.6996164e-01
   1.1426588e+01   7.3828356e+00
   1.3690096e+01   4.3089651e+00
   8.5718327e+00   6.4964385e+00
   3.5564756e+00   6.6099050e+00
   1.6079143e+00   1.1335281e+00
   2.9520564e+00   5.2102922e+00
   6.3523825e+00   7.0870736e+00
   1.5430738e+01   3.3945253e+00
   6.2763410e+00   6.8952726e+00
   6.7873725e+00   5.5002936e+00
   1.4520651e+01   1.4938965e+00
   9.6975601e+00   8.6113324e+00
   1.1058480e+01   3.8869768e+00
   1.3103006e+01   2.3006761e+00
   1.0413745e+01   8.2731655e+00
   1.2465723e+01   1.6572047e+00
   1.1781980e+01   3.3153863e+00
   1.4359823e+01   1.9170038e+00
   1.2062641e+01   2.5082313e+00
   3.3599279e+00   6.4013549e+00
   1.1921855e+01   3.5305088e+00
   1.2754253e+01   2.8413600e+00
   1.5088134e+01   3.0199391e+00
   1.3750283e+01   2.6532969e+00
   5.1375902e+00   4.5671221e+00
   2.0343890e+00  -8.8404636e-02
   2.7199574e+00   4.1439312e+00
   2.4611495e+00   2.4731483e+00
  -3.6741989e-01   7.5099652e-01
   6.4517847e+00   4.9253901e+00
   9.8093681e+00   7.1882495e+00
   7.8638843e+00   6.8327293e+00
   1.4470812e+00   3.4867120e+00
   7.4943659e+00   7.6598724e+00
   4.6976096e+00   1.1926814e+00
   8.7045773e+00   6.4449176e+00
   4.0302362e+00   1.3769387e+00
   8.6870439e+00   7.4757287e+00
   4.2472166e+00   5.3663159e+00
   1.2123202e+01   4.0500839e+00
   1.2897019e+01   3.4563477e+00
   4.3844090e+00   4.2699984e+00
   1.4683662e+00   3.3028701e+00
   1.5302435e+01   7.4894778e-01
   1.1905350e+01   6.5683173e+00
   8.3138589e+00   2.4845628e+00
   1.3090027e+01   4.3212793e+00
   1.4063580e+01   4.2271712e+00
   1.6321309e+01   2.9141824e+00
   1.1792763e+01   1.9510195e+00
   1.1583625e+01   6.5459607e-01
   1.3210698e+01   2.1739531e+00
   1.0918084e+01   7.7918835e+00
   7.2961265e+00   4.5592096e+00
  -1.3810236e+00   3.5571137e-01
   1.3807423e+01   3.8066048e+00
   4.9300386e+00   5.9693519e+00
   1.2400130e+01   1.1043011e+00
   1.5857258e+01   2.6045698e-01
   1.2583190e+01   2.4498608e+00
   5.5359271e-01   1.6663070e+00
   2.3628200e+00  -3.6362921e-02
   4.2927738e+00   6.1588438e+00
   6.3627892e+00   6.1609377e+00
   5.3671435e+00   3.7358398e+00
   1.0227238e+01   7.6019864e+00
   5.0222515e+00   1.3617422e+00
   1.3214605e+01   5.1327656e-02
   7.0498040e+00   1.3098805e+00
   7.7706710e+00   6.8262503e+00
   7.8654644e+00   5.1389599e+00
   2.1718996e-02   1.6885779e+00
   1.3843541e+01   1.4620345e+00
  -4.7832497e-01   2.9939468e+00
   1.1462189e+01   5.4011441e+00
   1.8843498e+00   7.9822495e-01
   5.8428065e+00   4.9247882e+00
   4.8996951e+00   7.1153355e+00
   5.2353489e+00   1.0367341e+00
   1.4462882e+01   4.7210432e-01
   1.2639764e+01   1.9178971e+00
   6.7396271e+00   6.1904424e+00
   1.2568075e+01   4.1325364e+00
   1.4801881e+01   3.8428939e+00
   6.2176621e+00   6.7076339e+00
   1.4834828e+01   2.0814546e+00
   1.1552223e+01   6.6570167e+00
   4.7603086e+00   6.4669518e+00
   3.5181169e-01   1.5604559e+00
   1.2438584e+01   2.0360256e+00
   6.0785807e+00   4.5458656e+00
   2.6448124e+00   2.1945758e+00
   1.2999807e+01   2.2328430e+00
  -1.1914616e+00   8.7875139e-01
   7.6876266e+00   6.4643369e+00
   1.3481473e+01   1.0433264e+00
   1.1467058e+01   3.1752083e+00
   8.7481964e+00   4.9915566e+00
   1.1918505e+01   2.4514145e+00
  -7.4996681e-01   2.2775080e-01
   5.5787103e+00   1.2644790e+00
   5.5903926e+00   2.0608411e+00
   1.2162943e+01   4.1857756e+00
  -6.3064644e-01   8.4792108e-01
   3.5259198e+00   2.3602616e+00
   4.0840914e-01   1.4028306e-02
   1.5215601e+01   1.0480861e+00
   1.3731450e+01   3.0688288e+00
   1.4018579e+01   2.7430213e+00
   6.7069207e+00   4.7484114e-01
   5.9724482e+00   6.5408448e+00
   1.4821024e+01   3.8073263e+00
   3.1400919e+00   1.5087903e+00
   7.5145969e+00   5.8976967e+00
  -5.5038140e-01   5.3341361e-01
   1.5753728e+00   1.6968670e+00
  -2.9140536e+00   4.4315522e-01
   1.4218378e+01   6.4490397e-01
   1.2354894e+01   2.1762918e+00
   1.1028515e+01   2.2933443e+00
  -5.3520517e+00   6.8307159e-01
  -3.6601552e+00   6.0686234e-01
   6.0873439e+00   7.7067828e+00
   4.4627482e+00   5.7037122e+00
   1.1653389e+01   3.5194372e+00
   5.9226608e+00   5.2871704e+00
   1.3948257e+01   1.0683828e+00
  -2.8607557e-01   1.8360461e+00
   1.2120355e+01   3.2189160e+00
   5.7977060e+00   2.0854051e+00
   1.4030881e+01  -7.6427968e-02
   1.2901311e+01   2.2913599e+00
   5.4305616e+00   3.4004864e+00
   1.5558426e+01   1.0523646e+00
   7.5095959e-01   4.1644421e-01
   7.9861438e-01  -2.4958171e-03
   1.6399075e+00   1.6090696e+00
   1.1497733e+00   1.4671970e+00
   8.9775525e+00   5.8910327e+00
   1.5123239e+01   3.9825551e+00
   8.4146741e+00   5.6137874e+00
   1.0635269e+01   2.0693258e+00
  -3.8027203e+00   2.0002065e+00
   9.7948305e+00   7.3353822e+00
   1.1604238e+01   4.7602146e+00
   5.1388750e+00   6.3667826e+00
   1.2734723e+01   3.4714105e+00
   4.6045279e+00   5.2976089e+00
   5.8971023e+00   5.9251970e+00
   6.0751228e+00   7.2122342e+00
  -4.2239281e-01   2.2999366e-01
   1.2637139e+01   5.1871397e+00
   7.1745889e+00   4.9640581e+00
   1.7759504e+00   8.7676540e-01
   1.1384147e+01   5.5119608e+00
   1.2518062e+01   1.9740965e+00
   5.0810862e+00   4.0175347e+00
   1.1848137e+01   2.0851371e+00
   7.0567677e+00   4.7272765e+00
   7.6881154e+00   7.4616512e+00
   9.6076987e+00   5.4636521e+00
   2.5438960e+00  -9.1835130e-01
   5.2361164e+00   4.2986827e+00
   1.3416315e+01   1.8692876e+00
   2.9232375e+00   3.4862211e+00
   1.5836644e+01   2.5113377e+00
   3.0860262e+00   9.5738455e-01
   5.1253117e+00   3.4934569e+00
   1.4389900e+01   1.4523938e+00
   6.0417037e+00   6.8813349e+00
   2.0742330e+00   2.1044029e+00
   4.3750053e+00   4.8092419e+00
   5.4624257e+00   6.2413031e+00
   9.3228208e+00   5.5968984e+00
   3.4837852e+00   4.6690538e+00
   7.9098150e+00   7.1178189e+00
   7.4662508e+00   6.9769410e+00
   1.3065749e+01   9.3923955e-01
   1.3683359e+00   3.5372735e+00
   1.3669910e+01   5.6370548e+00
   9.0010439e+00   6.8520882e+00
   2.0988307e+00   9.2986925e-01
   9.3620439e-02   1.2994752e+00
   1.2252061e+01   2.5267380e+00
   6.9962535e+00   7.0721520e+00
  -5.7622588e+00   1.4143860e+00
   9.5853640e+00   5.6513057e+00
   1.3246420e+01   4.7670072e-01
   8.5960610e+00   7.3767085e+00
   1.4037055e+01   3.8598116e+00
   5.2712514e+00  -2.5706081e-01
   7.9245690e+00   7.3716507e+00
   7.5145201e+00   7.4419085e+00
   1.4068535e+01   2.4268550e+00
   9.8484645e+00   7.6346969e+00
   1.2358315e+01   3.3878577e+00
   1.1493947e+01   4.4463231e+00
   1.5195690e+01   4.3126649e+00
   1.1408375e+01   1.7915541e+00
   4.2916642e+00   9.7028798e-01
   1.4050156e+00   1.3956739e+00
   2.0789105e+00   4.1010496e-01
   4.8551904e+00   9.6477317e-01
   1.1242595e+01   8.5522786e+00
   1.3441045e+01   1.6679375e+00
   9.2211317e+00   6.8892627e+00
   8.5482048e+00   9.1039107e-01
   4.3572151e-01  -8.8605305e-01
   1.4495257e+01   2.9100079e+00
  -1.9344598e+00   2.3719887e+00
   1.0264618e+01   6.1633200e+00
   1.1637430e+01   3.0267169e+00
   1.0542178e+01   8.0773099e+00
   1.4820909e+01   9.1630814e-01
   3.3791463e+00   1.5606733e+00
   4.3819780e+00   5.6804714e+00
   1.1129959e+01   3.8809235e+00
   1.2869116e+01   5.5464376e+00
   6.3028753e+00   4.5396714e+00
   8.6896499e+00   8.3985910e+00
   6.4054031e+00   5.8495075e+00
   1.3608260e+01   4.5084282e+00
   1.2208258e+01   6.3391889e+00
   8.2010703e+00   7.8463013e+00
   1.1573230e+01   3.5029737e+00
   1.5592239e+00   1.3449873e+00
   3.1985035e+00   1.9202059e+00
   5.7388457e+00   5.2106935e+00
  -1.7110755e+00   5.8923291e-01
   7.6309228e+00   5.8441389e+00
   1.3356861e+01   3.8671095e+00
   7.2671490e+00   6.6810270e+00
   9.4386541e+00   7.9152937e+00
   3.4523522e+00   1.3499516e+00
   1.1817773e+01   4.5687906e+00
  -1.8964230e-01   3.6642675e+00
   1.3097524e+01   1.7154418e+00
  -1.6243264e-01   2.0609171e+00
   1.2808356e+01   3.0309813e+00
  -1.5716159e+00   2.7491739e+00
   7.8925560e+00   5.3963381e+00
   1.1239775e+01   4.4398900e+00
   1.1871610e+01   1.7496559e+00
   6.4327692e+00   6.9804252e+00
   2.5821106e+00   5.0964190e+00
   4.3372517e+00   6.3140753e+00
   3.9843616e+00   6.4152965e+00
   1.1140890e+01   4.2089164e+00
   1.1926004e+01   4.0344507e+00
   6.3968279e+00   4.8037983e+00
   1.3680041e+01   2.6103992e+00
   1.1017595e+01   7.2918905e+00
   3.2728941e+00   2.4057014e+00
  -2.0589056e+00  -2.1389985e-01
   6.8545142e+00   2.4897491e+00
   1.4041892e+00   1.8106442e+00
   7.9344977e+00   5.6797845e+00
  -1.0358152e+00   2.1120936e+00
   5.9142505e+00   5.5580575e+00
   2.9582012e-01   2.1558406e+00
   1.2957169e+01   3.3028493e+00
   5.6390758e+00   5.1094514e+00
   1.2649703e+01   4.5782475e+00
   2.9558615e+00   8.5394524e-01
   7.3421228e+00   4.1210234e+00
   5.0397731e+00   7.1056599e+00
   1.2766177e+01   2.4067692e+00
   7.6791072e+00   7.2099315e+00
   9.3738142e+00   6.6120323e+00
   1.2370313e+01   1.9561436e+00
   1.4319555e+01   1.7025611e+00
   6.3682992e+00   1.1956666e+00
   1.0277652e+01   7.2599655e+00
   1.1363643e+00   2.6577799e+00
   1.0227699e+01   7.0624719e+00
  -8.2296080e-01   2.4094580e+00
   1.3382906e+01   9.9306951e-01
   1.2814514e+01   3.6022988e+00
   1.1354053e+01   4.3478503e+00
  -4.0808054e+00   2.7900195e+00
   8.2194166e+00   5.5170365e+00
   1.1884883e+01   4.1501122e+00
   3.1855622e+00   4.2223501e+00
   1.2336666e+01   3.0437686e+00
   2.3457700e+00   2.5577449e+00
   1.2101200e+01   3.8995980e+00
   7.1586353e+00   5.3995778e+00
   7.0123148e+00   5.6129247e+00
   8.5047724e+00   7.2325578e+00
   7.8784603e+00   7.4969884e+00
   3.1720168e+00   2.0008284e+00
   6.3345819e+00   5.7321380e+00
   6.6569040e+00   1.5051468e+00
   9.7903506e-01   2.9577943e+00
   3.6498378e+00   2.3515118e+00
   1.1058614e+01   6.1654540e+00
   7.8198739e+00   5.7282422e+00
   3.1200881e+00   4.2033381e+00
   1.1357452e+00   1.8400932e+00
   9.6914727e+00   7.1097051e+00
   4.4305815e-01   2.6178597e+00
   1.5806386e+01   6.8820282e-01
   1.3241240e+01   3.7452363e+00
   1.3611036e+01   2.9723736e+00
   2.7461669e-01   2.3189220e+00
   4.8545361e-01  -9.6386893e-01
   1.1990797e+01   4.6941962e+00
   1.6198247e+00   9.9012354e-01
   9.2652258e+00   6.6386784e+00
  -1.4822802e+00   1.6049337e+00
   1.3150320e+01   3.3574222e+00
   1.4453796e+01   1.5513919e+00
   8.2924256e+00   6.5344102e+00
   1.1553903e+01   4.4874740e+00
   1.4327180e+00   3.4481646e+00
   7.8612694e+00   4.0094175e+00
   1.5268503e+01   4.5019315e-01
   4.9012668e+00   3.3361844e+00
   1.8605962e+00   1.5210405e+00
   1.2515767e+01   2.8341286e+00
   1.1968408e+01   2.5257808e+00
   1.3790201e+01   2.5635161e+00
   5.0726956e+00   6.4224017e+00
   1.4064431e+01   3.8415250e+00
   1.0068528e+01   5.7866164e+00
   2.3098167e+00   1.6703213e+00
   6.8031750e+00   1.8093404e+00
   1.2802668e+01   3.7377880e+00
   6.2330585e+00   6.7075740e+00
   3.9086250e+00   5.3722261e+00
   5.2612475e+00   4.8330364e+00
   1.3199807e+01   1.5405412e+00
   3.8778012e+00   1.3214010e+00
   9.3972948e-01   2.6091932e+00
   1.8841754e+00   3.6339988e+00
   5.0605347e+00   4.3919851e+00
   1.0606334e+01   5.0856045e+00
   6.2320891e+00   6.3023189e+00
   4.6894431e+00   1.9917818e+00
   1.1021795e+01   4.9550126e+00
   1.3967382e+01   2.7692733e+00
   9.0658830e+00   5.9360769e+00
   1.4326624e+01   1.9279723e+00
   6.7724908e+00   4.5369809e+00
   1.0101109e+01   4.5025562e+00
   4.3436757e+00   1.5743430e+00
   6.3542138e+00   7.4596375e-01
  -4.4358011e-01   2.1041079e+00
  -8.7928623e-01   4.3982485e+00
   9.8030112e+00   8.0652844e+00
   1.3136409e+01   4.6823616e+00
  -7.9866760e-02   2.1353624e-01
   2.7998770e+00   5.6618221e+00
   1.3758770e+01   3.3570999e+00
   1.2068720e+01   1.7644796e+00
   3.7360783e+00   1.6729277e+00
   1.3316055e+01   2.4773137e+00
   2.6285180e+00   3.1043066e+00
   5.1961811e+00   2.8773946e+00
   1.9158503e+00   1.7622252e+00
   1.4549048e+01   2.3828971e+00
   5.4642490e+00   5.6016664e+00
   3.6635993e+00   3.8039229e+00
   1.0891272e+01   5.6457533e+00
   6.0102858e+00   1.5556177e+00
  -1.4742980e+00   1.7000562e+00
   1.1907158e+01   2.1668894e+00
   4.3350990e+00   2.3943811e+00
   1.1103535e+01   7.4268980e+00
   1.1661630e+01   4.0135760e+00
   5.7079546e+00   5.1791251e+00
   1.4280666e+01   9.2616232e-01
   1.0893214e+01   8.0265835e+00
   1.2501875e+01   3.0328208e+00
   6.5502151e+00   6.9094121e+00
   1.8784728e+01   1.7558307e+00
  -1.0018081e-01   1.7703971e+00
   9.6498950e-01   1.4095462e+00
   1.8759540e+00   4.1008059e+00
   7.8506978e+00   3.9710015e+00
   1.2753658e+01   3.5689931e+00
   3.9099844e+00   4.6883732e+00
   4.4733396e+00   4.0282496e+00
  -3.3864794e+00  -3.2919617e-01
   3.0134551e+00   1.6728496e+00
   1.6132795e+01   9.8463152e+00
   1.2730827e+01   1.1469730e+00
   1.4647579e+01   2.7297904e+00
   4.1718318e+00   1.8365036e+00
   1.3089659e+01   2.1080284e+00
   1.0389782e+00   1.0621516e+00
   1.6200117e+01  -1.0198576e-01
   1.1430623e+01   7.4623439e+00
   2.5547168e+00   9.9550306e-01
   1.0342795e+01   7.8704241e+00
   4.7435354e+00   1.1304095e+00
   6.9556241e+00   5.0337619e+00
   5.5383540e+00   5.1872246e+00
   1.2582473e+01   8.8151673e+00
   9.6616992e+00   7.7684699e+00
   1.3070097e+01   1.3200056e+00
   1.3515473e+01   1.5210008e+00
   1.2509997e+01   4.2673820e+00
   6.4500310e+00   1.2302344e+00
   4.6903822e+00   1.2657825e+00
   1.5595498e+01   1.8508432e+00
   1.2154710e+01   2.3973423e+00
  -1.9242840e+00   1.9216552e+00
   9.1517756e+00   7.0928969e+00
   5.9247587e-01   6.4353959e-01
   6.3243649e+00   6.5204925e+00
   7.7848447e+00   3.7590553e-01
   1.0373400e+01   5.1220077e+00
   9.4019237e+00   1.5363597e+00
   4.7521222e+00   4.7996010e+00
   7.0673041e+00   5.8630313e+00
  -1.7008881e+00   1.9320664e+00
   1.1807408e+01   5.7146107e+00
   1.1139674e+01   6.9003830e+00
   1.3364359e+01   3.6190586e+00
   2.2672980e+00   3.3804332e+00
   7.2313945e+00   6.9672345e+00
   1.2876383e+01   3.4283737e+00
   1.3008719e+01   1.7457485e+00
   1.3321930e+01   2.9238352e+00
   1.0474302e+01   5.7439587e+00
   8.4289179e+00   7.4288147e+00
   8.0942733e+00   1.3654008e+00
  -3.1909378e+00   2.7727242e+00
   6.8474846e+00   6.2340093e+00
   3.1543124e+00   9.8985774e-01
   1.5263447e+01   2.6416418e+00
   1.4666308e+01   2.2896751e+00
   9.0107674e+00   5.6615571e+00
   8.5319460e+00   7.0952840e+00
   7.6444725e+00   6.2487601e+00
  -8.9951493e-01   1.0662814e+00
   1.4025313e+01   4.1092871e+00
   1.3475348e+01   2.8011644e+00
   1.0697079e+01   7.6376558e+00
   1.2952245e+01   4.6319035e-01
   2.4203810e+00   8.3497125e-01
   2.7453549e+00   3.7746684e+00
   1.2783524e+00   1.9601412e+00
   1.4480199e+01   3.4951058e+00
   1.1340917e+01   7.7151614e+00
   4.3327265e+00   4.1054990e+00
   6.0979723e+00   1.2372005e+00
   1.2273809e+01   5.1128370e+00
   4.3285287e+00   5.7445373e+00
   1.0794627e+01   2.3933036e+00
   1.2007026e+01   2.8590206e+00
   1.3422185e+01   4.0782345e+00
   1.5062930e+01   1.5371950e+00
   1.2909786e+01   3.2077333e+00
   4.1992057e+00   8.6122110e-01
   1.0104839e+01   4.6348979e-01
   1.0776466e+00   6.2156639e-01
   1.3718701e+01   2.9786267e+00
   6.8350561e+00   4.2456764e+00
   5.4811126e+00   2.9973019e-01
   8.4460043e+00   6.8396782e+00
   1.4315832e+01   1.9386410e+00
   1.2806448e+01   4.1819498e+00
   7.7336382e+00   4.9156288e+00
   1.2581585e+01   1.4002091e+00
   4.4914846e-01   3.9031341e+00
   1.2125899e+01   3.9618959e+00
   1.2056587e+01   3.5773641e+00
   4.1730760e+00   2.4765060e+00
   5.5035606e+00   7.2979543e+00
   6.5442904e+00   2.3888400e+00
   1.4851947e+01  -1.0018568e+00
   1.3054818e+01   3.0194658e+00
   2.4113698e+00   3.3752374e+00
   1.3084393e+01   3.6793856e+00
   1.1428736e+01   3.7672998e+00
   1.1831793e+01   5.3735353e+00
   1.2464578e+01   3.3805733e+00
   1.2074431e+01   1.1528931e+00
   1.3099847e+01   1.4675269e+00
   1.3741271e+01   2.5671071e+00
   1.3139730e+01   2.1825160e+00
   6.4461352e-01   1.8472349e+00
  -1.2178243e+00   2.8531262e+00
   1.4021192e+01  -1.4202941e-01
   5.8368690e+00   1.8391857e+00
   4.8068930e+00   1.5893368e+00
   1.0530111e+01   5.3443124e+00
   8.2531364e+00   4.6026131e+00
   9.6245325e+00   5.0778316e+00
   7.1801363e+00   6.8729699e+00
   5.8402474e+00   5.7475177e+00
   1.2338497e+01   2.4581204e+00
   7.0519986e+00   2.2167408e+00
   1.5036196e+01   2.2598060e+00
   5.9479428e+00   6.2298586e+00
   1.4000272e+01   2.1799251e+00
   8.1975674e+00   6.1775522e+00
  -3.4992801e-01   7.9892463e-01
   3.3507030e-01   1.5568737e+00
   1.0554802e+00   2.3733045e+00
   1.3631530e+01   2.4934621e+00
   1.1999267e+01   3.3461217e+00
   3.0054420e+00  -5.0592304e-01
   6.1413548e+00   3.1713798e+00
   1.1457330e+01   2.8362696e+00
   7.1189912e+00   5.9534286e+00
   1.3016096e+01   4.2616000e+00
   1.3383538e+01   2.2305521e+00
   1.4265378e+01   4.0335383e+00
   1.0796375e+01   6.3680586e+00
   4.2295324e+00  -1.3406112e+00
   1.1350547e+01   2.9627847e+00
   7.8657137e+00   5.3339799e+00
   1.0134572e+01   4.3986228e+00
   1.2563538e+01   9.8968183e-01
   1.1648649e+01   4.4795359e+00
   9.3020780e+00   7.5334328e+00
   1.3344257e+01   2.5282166e+00
   1.1728619e+01   3.4601067e+00
   5.7905654e+00   5.1613485e+00
   3.7045738e+00   2.9565602e+00
   1.1143006e+01   4.0896376e+00
   4.5657423e+00   4.9383768e+00
   1.1630868e+01   3.6459266e+00
   1.2860354e+01   4.3676741e+00
   1.2047921e+01   5.2839283e+00
   3.0871547e+00   3.7984941e+00
  -5.3262654e+00   1.3886204e+00
   8.3957057e+00   6.9611554e+00
   4.8272448e+00   4.1505631e+00
   1.2075194e+01   3.6145605e+00
   1.2486087e+00   2.5651050e+00
  -1.7221533e-01   2.9477083e+00
   1.0157259e+01   6.8809784e+00
   8.4812560e+00   7.1323643e+00
   1.1748922e+01   4.2979138e+00
   7.2964174e+00   7.3306756e+00
   1.4717064e+01   1.5225168e+00
   1.2941110e+01   2.3222908e+00
   1.1582490e+01   3.1522824e+00
  -7.5986618e-01   2.1311914e+00
   1.2068869e+01   4.4247494e+00
   3.7579578e+00   6.4291443e-01
   9.9467620e+00   6.7233193e+00
   2.1502301e+00   5.0320090e-01
   9.7762969e-01  -2.4068164e-01
   2.2525391e-01   2.7404347e+00
   9.2834634e-01   1.5819634e+00
   2.4454219e+00   1.6735527e+00
   1.7127214e+01   1.0907217e+01
   1.3019670e+01   7.0777104e-01
   5.3001083e+00   5.5988225e+00
   2.6972937e+00   2.3069415e+00
   3.3999941e+00   4.7907634e+00
   1.0991346e+01   5.4766793e+00
   5.0288313e+00   4.8311758e+00
   1.3000713e+01   2.8436325e+00
   7.8568685e+00   5.3545793e+00
   1.6641559e+01   9.5477545e+00
   9.2757587e+00   6.1735435e+00
   1.2198137e+00   1.3704444e+00
   1.3705200e+01   2.7723961e+00
   9.4247588e-01   1.2142895e+00
   1.0908993e+01   9.6940468e+00
   7.2059793e+00   6.4819875e+00
   1.3266398e+01   2.6861419e+00
   1.1115423e+01   4.2430150e+00
   2.1990403e+00   3.6245645e+00
   6.7142485e+00   5.3098199e+00
   1.3227026e+01   1.3333971e+00
   4.6423739e+00   2.1363666e+00
   4.1767337e+00   4.7023276e+00
   7.1809458e+00   7.4716884e+00
   1.2226918e+01   2.4937951e+00
   1.4278221e+01   3.4296322e+00
   1.3642916e+01   2.2602895e+00
   2.8877915e+00   2.1357858e+00
   1.0890489e+01   3.5051462e+00
   1.2993314e+01   2.5588342e+00
   4.4786352e+00   6.0563799e+00
   3.9073838e+00   4.9850147e+00
   2.6707344e+00   1.2992894e+00
   1.1058958e+01   3.8268906e+00
   4.7831730e+00   5.1631953e+00
   1.1374552e+01   4.4404037e+00
   1.3050860e+01   7.6399330e-01
   1.1733336e+01   7.0765810e+00
   1.2496692e+01   2.2682029e+00
   6.0638502e+00   6.3920591e+00
   2.9708129e+00   4.0976687e+00
   6.9380102e+00   2.1827082e+00
   1.4496831e+01   2.3151790e+00
   1.0525004e+00   5.0425216e+00
   8.2424695e+00   6.4214914e+00
   1.2686586e+01   2.3247833e+00
   1.5019917e+01   4.4857011e-01
   1.5669781e+01   2.5780973e+00
   1.1731445e+01   4.5373335e+00
   1.4850737e+01   3.4311468e+00
   8.6578377e+00   7.2997198e+00
   4.4985297e+00   1.3533075e+00
   9.6367609e+00   7.4517967e+00
   1.2123188e+01   2.7893753e+00
   6.4592535e+00   5.9504356e+00
   1.3494997e+01   8.8356223e+00
   1.2079033e+01   2.2928687e+00
   3.7503634e+00   1.9867508e+00
   1.4529243e+00   2.6460718e+00
   9.0903922e+00   8.4115721e+00
   1.4057276e+01   2.2474986e+00
   1.4832757e+00   4.2844705e+00
  -6.3332426e+00   2.7030408e+00
   8.1393997e+00   5.3521408e+00
   7.3606501e+00   8.2293335e+00
   1.1992587e+01   3.1404908e+00
   5.4379193e+00   1.1059616e+00
   1.2585640e+01   3.0751453e+00
  -5.6184493e-01   2.6069790e+00
   1.2893721e+01   4.4859202e+00
   1.1071047e+01   2.8283631e+00
   8.4896210e-01   1.7026013e+00
   1.2077858e+01   3.8450214e+00
   2.9960951e+00  -3.7411002e-01
   9.5748540e+00   7.1007768e+00
   1.2636703e+01   3.4188544e+00
   1.1464366e+00   2.1900311e+00
   1.0839237e+01   3.9690905e+00
   1.2302155e+01   2.1051036e+00
   8.9892265e+00   7.6749216e+00
   1.4570686e+01   2.8043927e+00
   1.4158152e+01   3.1662783e+00
  -3.5148419e+00   1.5186892e+00
   1.4230649e+00   9.9072651e-01
   1.1515620e+01   8.8115736e+00
   1.2413169e+01   1.0935336e+00
   1.3675978e+01   2.8842933e+00
   2.2471060e+00   6.2306970e-01
   4.8811486e+00   4.7085530e+00
   1.5807145e+01   9.3952644e-01
   8.9746102e+00   7.4908331e+00
  -4.6604568e-01   3.5652322e-01
   1.4818130e+01   1.6306662e+00
   1.1951223e+01   2.9747991e+00
   1.3282047e+01   3.5406274e+00
   1.1495476e+01   4.7843292e+00
   9.7759323e+00   7.8762040e+00
   1.3619740e+01   3.6304106e+00
   2.8247530e+00   3.9571995e+00
   1.2352775e+01   3.4745897e+00
   1.5224494e+01   1.7933073e+00
   2.3668575e+00   6.6807917e-01
   1.2328709e+01   6.2695383e+00
   1.2542706e+01   3.1187911e+00
  -2.6365472e+00   3.0835412e+00
   6.7939887e+00   1.1868952e+00
   5.9597231e+00   4.7463865e+00
   1.2518580e+01   3.7086368e+00
   1.3481859e+01   2.7208822e+00
   1.1335755e+01   2.6362949e+00
   1.7773620e+00   4.5959335e+00
  -7.0259203e-01   1.1588600e+00
   8.2846907e+00   8.9181668e-01
   5.5880977e+00   5.6226554e+00
   9.0878124e+00   5.6697702e+00
   1.8630784e+00   4.3208218e+00
   1.3577659e+01   1.6858119e+00
   1.2250056e+01   3.1780556e+00
   1.0695662e+01   3.0613493e+00
   7.7504970e+00   6.0703560e+00
   5.6340003e+00   7.1999948e+00
   1.1627802e+01   4.1983458e+00
   4.8789232e+00  -6.5887783e-01
   1.0626195e+01   3.9193954e+00
   2.7197600e+00   8.2730374e-01
   1.1885189e+01   6.8862364e+00
   1.1915661e+01   3.0515628e+00
   1.3676299e+01   3.2041305e+00
   1.2168290e+01   3.2117784e+00
   1.3318923e+01   3.9636462e+00
  -8.6998536e-01   2.3871051e-01
   3.8596147e+00   1.0573110e+00
   1.3679496e+00  -2.3859729e-01
   2.9878867e+00  -2.3015379e-01
   1.1140487e+01   3.8622960e+00
   1.4626737e+00   1.9119556e+00
   1.4718657e+01   1.6186275e+00
   7.6911746e+00   7.8114928e+00
   1.0682239e+01   3.2605106e+00
   4.3402850e+00   5.6727276e+00
   1.1525522e+01   8.1889638e+00
   1.5963149e+01   1.0406180e+00
   1.3865852e+01   1.7793319e+00
   2.9897481e+00   5.4629653e+00
   1.3435568e+01   1.0203939e-01
   1.1189741e+01   2.3504821e+00
   6.2390093e+00   4.4158044e+00
   1.1682136e+01   4.7422933e+00
   1.1802727e+01   2.4717607e+00
   1.4025287e+01   1.1386504e+00
   6.6808618e+00   6.4768772e+00
   1.4418359e+01   3.4850499e+00
   1.5379492e+01   7.7983428e-01
   1.3960475e+01   4.3061986e+00
   4.8114158e+00   5.6830954e+00
   1.3693021e+01   2.9055818e+00
   1.1739184e+01   4.2427655e+00
  -2.3223761e+00   1.9585143e+00
   8.4015746e+00   5.1375566e+00
   2.6320265e+00   2.8448631e+00
   2.4145384e+00   1.7193366e+00
   1.1853617e+01   2.5728965e+00
   2.2172637e+00   1.9866248e+00
   1.0739450e+01   5.3442158e+00
   1.2857456e+01   1.9105196e+00
   9.3664262e-01   2.0781728e+00
   9.0259572e+00   6.6849238e+00
   1.2862033e+01   5.2643817e+00
   4.3178155e+00   3.7555019e+00
   7.1997171e+00   6.7944184e+00
   9.6983665e+00   7.2889127e+00
   1.2694174e+01   1.0362372e+00
   1.2490606e+01   3.3124272e+00
   1.0256900e+01   3.9315280e+00
   9.7746905e+00   3.2447776e+00
   5.6272893e+00   6.1073018e+00
   1.6010503e+00   2.1329143e+00
   1.3089825e+01   3.6363463e+00
   1.3177672e+01   4.9021070e+00
   1.2319245e+01   2.8596193e+00
   1.1937125e+01   1.5040327e+00
   1.3615799e+01   2.9336299e+00
   7.5975357e-01   2.5303199e+00
   6.4533532e+00   5.2580244e+00
   2.0940500e+00   1.8041108e+00
  -1.1489454e+00   1.5438296e+00
   7.0966623e+00   5.4602654e+00
   1.4569612e+00   2.3657518e+00
   1.3730720e+01   3.0462442e+00
   1.3152777e+01   1.9285445e+00
  -1.6298619e+00   1.3542720e+00
   9.3774425e+00   6.5093224e+00
   7.9243745e+00   5.0030352e+00
  -3.0762241e+00   1.5590292e+00
   2.8092548e+00   1.8270895e+00
   1.2613395e+00   2.1479141e+00
